latent_dim: 142
hidden_dim: 113
num_layers_g: 8
num_layers_c: 3
learning_rate: 0.00025971789290000406
k: 4
num_epochs: 149
batch_size: 64
lambda: 7.954393175789709
